sgrna	X1	X2
KRAS_CCDS8702.1_ex1_12:25378614-25378637:+_5-1	9.671151e-01	1.040113e+00
KRAS_CCDS8702.1_ex2_12:25380163-25380186:-_5-2	3.283016e-01	1.910760e-01
KRAS_CCDS8702.1_ex2_12:25380232-25380255:-_5-3	1.572949e+00	2.544312e+00
KRAS_CCDS8702.1_ex2_12:25380270-25380293:-_5-4	8.654175e-01	8.087483e-01
KRAS_CCDS8702.1_ex2_12:25380286-25380309:+_5-5	1.249727e+00	1.652188e+00
