sgrna	X1	X2
KRAS_CCDS8702.1_ex1_12:25378614-25378637:+_5-1	8.113072e-01	7.159123e-01
KRAS_CCDS8702.1_ex2_12:25380163-25380186:-_5-2	3.200837e-01	1.488792e-01
KRAS_CCDS8702.1_ex2_12:25380232-25380255:-_5-3	1.746234e+00	3.098750e+00
KRAS_CCDS8702.1_ex2_12:25380270-25380293:-_5-4	9.736697e-01	9.927971e-01
KRAS_CCDS8702.1_ex2_12:25380286-25380309:+_5-5	1.208195e+00	1.513587e+00
